1 0.556049466133 
2 0.0740874633193 
3 0.0689800232649 
4 0.0687209591269 
5 0.0676125511527 
6 0.0660587027669 
7 0.0660032778978 
8 0.0655864924192 
9 0.0653638616204 
10 0.0650476068258 
11 0.0646254345775 
12 0.0643911212683 
13 0.0643659979105 
14 0.0642661005259 
15 0.0642232596874 
16 0.0641987323761 
17 0.0639529451728 
18 0.0638862401247 
19 0.0637292787433 
20 0.0634505003691 
21 0.0634191557765 
22 0.0633577853441 
23 0.0631487965584 
24 0.0631215125322 
25 0.0629958510399 
26 0.0629751905799 
27 0.0627395808697 
28 0.0626608878374 
29 0.0626243948936 
30 0.0616094172001 
31 0.0615189895034 
32 0.0614710152149 
33 0.0614570081234 
34 0.0613722391427 
35 0.060843847692 
36 0.0606746971607 
37 0.0605634637177 
38 0.0605089329183 
39 0.0603651292622 
40 0.0600539445877 
41 0.0598268248141 
42 0.0597518570721 
43 0.0590861812234 
44 0.0589726418257 
45 0.058745354414 
46 0.0587435588241 
47 0.0585813000798 
48 0.058421485126 
49 0.0584067776799 
50 0.0583299696445 
51 0.0583101138473 
52 0.0582001209259 
53 0.0581703968346 
54 0.0581544265151 
55 0.0579135343432 
56 0.057755343616 
57 0.057686291635 
58 0.0573904290795 
59 0.0571393407881 
60 0.0570535957813 
61 0.0568243190646 
62 0.0566984787583 
63 0.0566849932075 
64 0.0566796064377 
65 0.0565788373351 
66 0.0565372928977 
67 0.0564600378275 
68 0.0563603341579 
69 0.0562532953918 
70 0.0561970472336 
71 0.0559796616435 
72 0.0559622235596 
73 0.0559191666543 
74 0.05578796193 
75 0.0557674132288 
76 0.0556254684925 
77 0.0555773228407 
78 0.0555101409554 
79 0.0553967580199 
80 0.0552364289761 
81 0.0552251711488 
82 0.0550435893238 
83 0.0549696460366 
84 0.0547878742218 
85 0.0547803267837 
86 0.0547141432762 
87 0.0547014921904 
88 0.0546964555979 
89 0.0546264089644 
90 0.0543471388519 
91 0.0542390272021 
92 0.0541812181473 
93 0.0540592037141 
94 0.0538713261485 
95 0.0538302063942 
96 0.0537876859307 
97 0.0536772087216 
98 0.0535203441978 
99 0.0533547922969 
100 0.0531627759337 
101 0.0529221557081 
102 0.0528908185661 
103 0.052709184587 
104 0.0526411682367 
105 0.0524350777268 
106 0.0523859336972 
107 0.0523787885904 
108 0.0523526743054 
109 0.0521912686527 
110 0.0518709160388 
111 0.0518471449614 
112 0.0517997480929 
113 0.0514064989984 
114 0.0510505586863 
115 0.0507008396089 
116 0.0506399348378 
117 0.0502871870995 
118 0.0502328649163 
119 0.0502088777721 
120 0.0499251484871 
121 0.0497450232506 
122 0.0487234592438 
123 0.0486022420228 
124 0.0483572408557 
125 0.0483567044139 
126 0.0482974126935 
127 0.0480922982097 
128 0.0480443798006 
129 0.0479024276137 
130 0.0478846020997 
131 0.0477382615209 
132 0.0471285879612 
133 0.0466249287128 
134 0.0463390611112 
135 0.0461615584791 
136 0.046040199697 
137 0.0456000119448 
138 0.0452497638762 
139 0.0415484458208 
140 0.0388290286064 
141 0.0362939909101 
142 0.0362406000495 
143 0.0352434590459 
144 0.0346112847328 
145 0.0338491611183 
146 0.0318560674787 
147 0.031609620899 
148 0.0314834713936 
149 0.0311780646443 
150 0.0306355208158 
151 0.0305414199829 
152 0.0296977311373 
153 0.0295784920454 
154 0.0291164368391 
155 0.0290693733841 
156 0.0288717672229 
157 0.028347004205 
158 0.0283117908984 
159 0.0280570052564 
160 0.0279610976577 
161 0.0278321988881 
162 0.0277783181518 
163 0.0277502350509 
164 0.0276224073023 
165 0.0273437872529 
166 0.0272811949253 
167 0.0272513069212 
168 0.0272492710501 
169 0.0271590836346 
170 0.0271125249565 
171 0.0271078273654 
172 0.0270589739084 
173 0.026940677315 
174 0.0269238986075 
175 0.0268112160265 
176 0.026806442067 
177 0.0267644003034 
178 0.0267044343054 
179 0.0266259964556 
180 0.0265936292708 
181 0.0265918057412 
182 0.0265895072371 
183 0.0264962427318 
184 0.026409516111 
185 0.026382047683 
186 0.0263204351068 
187 0.0262941289693 
188 0.0262593422085 
189 0.0262445956469 
190 0.026189815253 
191 0.0261811874807 
192 0.0261405333877 
193 0.0261346586049 
194 0.026110297069 
195 0.0260586794466 
196 0.0260330103338 
197 0.0259969830513 
198 0.025995792821 
199 0.0259435921907 
200 0.0257822163403 
201 0.0257770195603 
202 0.0257149282843 
203 0.025678101927 
204 0.0256595890969 
205 0.0256389509887 
206 0.0255063660443 
207 0.025431452319 
208 0.0253974553198 
209 0.0253364033997 
210 0.0252184644341 
211 0.0251153353602 
212 0.0249790251255 
213 0.0249550156295 
214 0.0248673576862 
215 0.0248578749597 
216 0.0248101092875 
217 0.0247300658375 
218 0.0247090104967 
219 0.0245051998645 
220 0.0242031719536 
221 0.0241796039045 
222 0.0240487772971 
223 0.0240357406437 
224 0.023991977796 
225 0.0239836033434 
226 0.0239798463881 
227 0.0239649824798 
228 0.02385549061 
229 0.0238218847662 
230 0.0238090232015 
231 0.0237995553762 
232 0.0237153191119 
233 0.0237137638032 
234 0.0236989650875 
235 0.0236840844154 
236 0.0236260704696 
237 0.0235487669706 
238 0.0235001090914 
239 0.0234048645943 
240 0.02334972471 
241 0.0233071632683 
242 0.0232949312776 
243 0.0232548881322 
244 0.0232490319759 
245 0.0232432130724 
246 0.0232332460582 
247 0.0231994371861 
248 0.0231884177774 
249 0.0231108441949 
250 0.0230953563005 
251 0.023067785427 
252 0.0230508688837 
253 0.0228884071112 
254 0.0228425618261 
255 0.0227849110961 
256 0.0226524118334 
257 0.022634876892 
258 0.0225826110691 
259 0.0225767046213 
260 0.0225574150681 
261 0.0225336290896 
262 0.0225053541362 
263 0.0224767290056 
264 0.022430896759 
265 0.0224283784628 
266 0.0223793536425 
267 0.0223670136184 
268 0.0223526395857 
269 0.0223367214203 
270 0.0223186518997 
271 0.0223166495562 
272 0.022278400138 
273 0.0222435705364 
274 0.0222026370466 
275 0.0221538841724 
276 0.0221281144768 
277 0.0220217723399 
278 0.0219644717872 
279 0.0219306759536 
280 0.021909121424 
281 0.0218731313944 
282 0.0218419916928 
283 0.0218270476907 
284 0.0218153931201 
285 0.0218077711761 
286 0.0217909608036 
287 0.0217576026917 
288 0.0217178054154 
289 0.0216837637126 
290 0.0215925239027 
291 0.0215444378555 
292 0.0214631818235 
293 0.0214457288384 
294 0.0214285552502 
295 0.0214066766202 
296 0.021364774555 
297 0.0213610194623 
298 0.0212443694472 
299 0.0212359782308 
300 0.0211990922689 
301 0.0211638100445 
302 0.0211550947279 
303 0.0211380440742 
304 0.0211062319577 
305 0.0211006198078 
306 0.0210732016712 
307 0.0210616718978 
308 0.0210610795766 
309 0.0210416056216 
310 0.0209819991142 
311 0.0209784768522 
312 0.020937230438 
313 0.0209275633097 
314 0.0209132507443 
315 0.0208900179714 
316 0.0208589881659 
317 0.0208583455533 
318 0.020823597908 
319 0.0207543540746 
320 0.0207155533135 
321 0.0206689033657 
322 0.0206441096961 
323 0.0206296183169 
324 0.0205888040364 
325 0.0204943493009 
326 0.0204880386591 
327 0.0204665083438 
328 0.0204492006451 
329 0.020448980853 
330 0.0204119905829 
331 0.0203601755202 
332 0.0202873311937 
333 0.020222408697 
334 0.0201738737524 
335 0.0201595984399 
336 0.0201257579029 
337 0.0200098603964 
338 0.0199967566878 
339 0.0199766531587 
340 0.0199731625617 
341 0.0199414044619 
342 0.0199178811163 
343 0.019893091172 
344 0.0198794454336 
345 0.019852027297 
346 0.0198473334312 
347 0.0198346599936 
348 0.0198251213878 
349 0.0197605602443 
350 0.0197604428977 
351 0.0197522230446 
352 0.0197401549667 
353 0.0197207164019 
354 0.0196972172707 
355 0.0196787938476 
356 0.0196779109538 
357 0.0196729637682 
358 0.0196571014822 
359 0.0196564346552 
360 0.0196328889579 
361 0.0196077749133 
362 0.0196010842919 
363 0.0195997301489 
364 0.0195971541107 
365 0.0195946618915 
366 0.0195768214762 
367 0.019542362541 
368 0.0195018351078 
369 0.0194936282933 
370 0.0194606762379 
371 0.01945951581 
372 0.0194589253515 
373 0.0194162502885 
374 0.0193929821253 
375 0.0193909090012 
376 0.0193496886641 
377 0.0193173680454 
378 0.0193145684898 
379 0.0192740317434 
380 0.0192333869636 
381 0.0191624742001 
382 0.0191611628979 
383 0.0191480349749 
384 0.0191416908056 
385 0.0190421007574 
386 0.019032727927 
387 0.0190021898597 
388 0.018956201151 
389 0.0189306531101 
390 0.018919814378 
391 0.0189095195383 
392 0.0188933871686 
393 0.0187461711466 
394 0.0186857320368 
395 0.0186498835683 
396 0.0186494812369 
397 0.0186044108123 
398 0.0185473430902 
399 0.0184980668128 
400 0.0184799935669 
401 0.0184630304575 
402 0.0184429939836 
403 0.0184395797551 
404 0.0184367224574 
405 0.0184096395969 
406 0.0184017010033 
407 0.0183798428625 
408 0.0183639489114 
409 0.0183244720101 
410 0.0183070786297 
411 0.0182935874909 
412 0.0182473324239 
413 0.0182462520897 
414 0.0182453095913 
415 0.0182174630463 
416 0.0181746501476 
417 0.0181031599641 
418 0.018083287403 
419 0.0180411078036 
420 0.0179893933237 
421 0.0179892368615 
422 0.017931682989 
423 0.0179136022925 
424 0.017896361649 
425 0.0178928803653 
426 0.017866641283 
427 0.0178630035371 
428 0.0178515054286 
429 0.0178415142 
430 0.0178351290524 
431 0.0178273208439 
432 0.0178174022585 
433 0.017803773284 
434 0.0177981946617 
435 0.0177782066166 
436 0.0177543405443 
437 0.0177322179079 
438 0.0177098084241 
439 0.0176959000528 
440 0.0176692381501 
441 0.017665412277 
442 0.0176629982889 
443 0.0176323242486 
444 0.0176113322377 
445 0.0175811517984 
446 0.0175800677389 
447 0.0175735987723 
448 0.0175642427057 
449 0.0175500009209 
450 0.0175402686 
451 0.0175373889506 
452 0.0175035558641 
453 0.0174765624106 
454 0.0174583904445 
455 0.0174407735467 
456 0.0174246262759 
457 0.0174210183322 
458 0.0174170099199 
459 0.0174087863415 
460 0.0174021739513 
461 0.0173967946321 
462 0.0173747912049 
463 0.017310442403 
464 0.0172957535833 
465 0.0172953493893 
466 0.0172756742686 
467 0.0172552913427 
468 0.0172497667372 
469 0.0172380376607 
470 0.0172208659351 
471 0.0171892885119 
472 0.0171854961663 
473 0.017171882093 
474 0.0171432010829 
475 0.0171188060194 
476 0.0171101205051 
477 0.0171085633337 
478 0.0171079449356 
479 0.0170851647854 
480 0.0170779991895 
481 0.0170685313642 
482 0.0170470923185 
483 0.0169881209731 
484 0.0169753022492 
485 0.016941010952 
486 0.0169232189655 
487 0.0169148985296 
488 0.0168744772673 
489 0.0168436188251 
490 0.016784215346 
491 0.0167652890086 
492 0.016758993268 
493 0.0167085267603 
494 0.01667445153 
495 0.0166636053473 
496 0.0166533496231 
497 0.0166356414557 
498 0.0166131965816 
499 0.0165819544345 
500 0.0165749192238 
501 0.0165578071028 
502 0.0165518634021 
503 0.0165298879147 
504 0.0165229868144 
505 0.016500717029 
506 0.0164778903127 
507 0.0164694823325 
508 0.0164676643908 
509 0.0164551734924 
510 0.0164512097836 
511 0.016436079517 
512 0.0164239853621 
513 0.0164118874818 
514 0.0164036918432 
515 0.0163727495819 
516 0.0163308121264 
517 0.0163247901946 
518 0.0162837617099 
519 0.0162803046405 
520 0.0162772648036 
521 0.0162691660225 
522 0.0162120070308 
523 0.016204867512 
524 0.0161877721548 
525 0.0161844789982 
526 0.0161657650024 
527 0.0161554329097 
528 0.0161353219301 
529 0.0160960294306 
530 0.0160857588053 
531 0.0160843543708 
532 0.016064254567 
533 0.0160593166947 
534 0.0160468816757 
535 0.0160407014191 
536 0.0159347765148 
537 0.0159125737846 
538 0.0158827137202 
539 0.0158737786114 
540 0.0158533789217 
541 0.0157994683832 
542 0.0157465487719 
543 0.0157431103289 
544 0.0157184824347 
545 0.0156804788858 
546 0.0156524535269 
547 0.0156198758632 
548 0.0156161226332 
549 0.0155988298357 
550 0.0155858751386 
551 0.0155710875988 
552 0.0155592933297 
553 0.0155128017068 
554 0.015506115742 
555 0.0154652297497 
556 0.0154577102512 
557 0.0154509916902 
558 0.0154077224433 
559 0.0153932198882 
560 0.015356711112 
561 0.0153129119426 
562 0.0153077924624 
563 0.0152808325365 
564 0.0152779910713 
565 0.0152665209025 
566 0.0152505943552 
567 0.0152455363423 
568 0.0152326216921 
569 0.0152313839644 
570 0.0152277089655 
571 0.0152253443375 
572 0.015224320814 
573 0.0151938116178 
574 0.015181703493 
575 0.015178643167 
576 0.0151668833569 
577 0.0151667464525 
578 0.0151616660878 
579 0.0151482280344 
580 0.0150703117251 
581 0.0150514505804 
582 0.0150447785854 
583 0.0150265647098 
584 0.0150014394894 
585 0.0149977048859 
586 0.014985489659 
587 0.0149699887261 
588 0.0149618107826 
589 0.0148730482906 
590 0.0148629397154 
591 0.0148550197482 
592 0.0148423332721 
593 0.0147798657417 
594 0.0147784743458 
595 0.0147494059056 
596 0.0147306397557 
597 0.0147271072492 
598 0.0147224040702 
599 0.0147012472153 
600 0.014686236158 
601 0.0146677661687 
602 0.0146473245695 
603 0.01463262178 
604 0.0146269248798 
605 0.0146263428032 
606 0.0146158318967 
607 0.0145631190389 
608 0.0145533587784 
609 0.0145476898178 
610 0.0145286545157 
611 0.0145174013451 
612 0.014504305087 
613 0.0144918859005 
614 0.0144743323326 
615 0.0144695863128 
616 0.0144350696355 
617 0.0144238667563 
618 0.0144172664732 
619 0.0143872816116 
620 0.014379998669 
621 0.0143784498796 
622 0.0143677433953 
623 0.0143449418247 
624 0.0143342697993 
625 0.0143170915544 
626 0.014316610992 
627 0.0143049918115 
628 0.0143009377643 
629 0.0142928101122 
630 0.0142880501226 
631 0.0142605025321 
632 0.0142465345562 
633 0.0142414085567 
634 0.0142408544198 
635 0.0142162740231 
636 0.0142131224275 
637 0.0142091624439 
638 0.0141832036898 
639 0.0141724115238 
640 0.0141661632806 
641 0.0141231957823 
642 0.0140976496041 
643 0.0140929091722 
644 0.0140416445211 
645 0.0140241552144 
646 0.0140128629282 
647 0.014009449631 
648 0.0140022188425 
649 0.013930673711 
650 0.0138982823119 
651 0.0138974105939 
652 0.0138831846416 
653 0.0138584058732 
654 0.0138561371714 
655 0.0138508901 
656 0.0138464514166 
657 0.0138394292444 
658 0.0138382399455 
659 0.0138328960165 
660 0.0138296764344 
661 0.0137954540551 
662 0.013788305223 
663 0.0137495864183 
664 0.0137095237151 
665 0.0136860944331 
666 0.0136680332944 
667 0.0136512583122 
668 0.0136418240145 
669 0.0136342514306 
670 0.0136130992323 
671 0.0135947316885 
672 0.0135838305578 
673 0.0135737471282 
674 0.0135380057618 
675 0.0135116362944 
676 0.0135049913079 
677 0.0134748369455 
678 0.0134714879096 
679 0.0134460162371 
680 0.0134336072952 
681 0.0134175699204 
682 0.0134072825313 
683 0.0133940484375 
684 0.0133596993983 
685 0.0133303068578 
686 0.013316870667 
687 0.0132983289659 
688 0.0132829863578 
689 0.0132697857916 
690 0.0132464189082 
691 0.013230885379 
692 0.0132192522287 
693 0.0132163316011 
694 0.0132083594799 
695 0.0131896762177 
696 0.0131867285818 
697 0.0131762614474 
698 0.0130934119225 
699 0.0130802150816 
700 0.0130496872589 
701 0.0130378231406 
702 0.0129910157993 
703 0.012971714139 
704 0.0129697304219 
705 0.0129637699574 
706 0.0129580860958 
707 0.0129547920078 
708 0.012941012159 
709 0.0129096554592 
710 0.0129088237882 
711 0.0128397084773 
712 0.0128039950505 
713 0.0127939870581 
714 0.0127915870398 
715 0.0127579299733 
716 0.0127478335053 
717 0.0127401603386 
718 0.0127366418019 
719 0.0126734189689 
720 0.0126719577238 
721 0.0126571748406 
722 0.0126383500174 
723 0.0125939277932 
724 0.0125817917287 
725 0.0125645343214 
726 0.0125603526831 
727 0.0125271435827 
728 0.0125076621771 
729 0.0124915298074 
730 0.0124903228134 
731 0.0124878752977 
732 0.0124285398051 
733 0.0124276392162 
734 0.0124152507633 
735 0.0124120954424 
736 0.0123993782327 
737 0.0123987747356 
738 0.0123987058178 
739 0.0123924985528 
740 0.0123913167045 
741 0.0123857874423 
742 0.0123843327165 
743 0.0123669523746 
744 0.0123363444582 
745 0.0123132485896 
746 0.01228147652 
747 0.0122571587563 
748 0.0122521091253 
749 0.0122318817303 
750 0.0121941780671 
751 0.0121812960133 
752 0.0121716372669 
753 0.012137234211 
754 0.0121319834143 
755 0.0120721524581 
756 0.0120351072401 
757 0.0120286419988 
758 0.0119969490916 
759 0.01198069565 
760 0.011968630366 
761 0.0119130117819 
762 0.0119074368849 
763 0.0118903787807 
764 0.0118753481656 
765 0.0118129504845 
766 0.0118099786341 
767 0.0118009224534 
768 0.0117888581008 
769 0.0117807667702 
770 0.0117742717266 
771 0.0117666414008 
772 0.0117437662557 
773 0.011736038141 
774 0.0116809532046 
775 0.0116380788386 
776 0.0115901259705 
777 0.0115824313834 
778 0.0115106804296 
779 0.0114475693554 
780 0.0114402556792 
781 0.0113981645554 
782 0.0113958818838 
783 0.0113742267713 
784 0.0113567365333 
785 0.0113451275975 
786 0.0113353990018 
787 0.0112586710602 
788 0.0112537425011 
789 0.0112400688231 
790 0.0112217338756 
791 0.0112213529646 
792 0.0111726019531 
793 0.011169269681 
794 0.0111641967669 
795 0.0111510530114 
796 0.0111414473504 
797 0.011136867106 
798 0.0111356712878 
799 0.011078725569 
800 0.0110519342124 
801 0.0110356099904 
802 0.0110320011154 
803 0.011022567749 
804 0.0110182603821 
805 0.010945760645 
806 0.0109206410125 
807 0.0109082572162 
808 0.0109013579786 
809 0.0108902491629 
810 0.0108820777386 
811 0.0108558768407 
812 0.01084860228 
813 0.0108430441469 
814 0.0108216600493 
815 0.0108191277832 
816 0.010811066255 
817 0.0107696931809 
818 0.0107635110617 
819 0.0107250399888 
820 0.0107142813504 
821 0.0107002835721 
822 0.0106849828735 
823 0.0106840729713 
824 0.0106328073889 
825 0.0105704506859 
826 0.0105270761997 
827 0.010505865328 
828 0.0104863923043 
829 0.0104461200535 
830 0.0104278661311 
831 0.0104197338223 
832 0.0104165636003 
833 0.0103855766356 
834 0.0103834755719 
835 0.0103753758594 
836 0.0103664826602 
837 0.0103484941646 
838 0.0103190261871 
839 0.0102988537401 
840 0.0102980770171 
841 0.0102675948292 
842 0.0101980660111 
843 0.01015482191 
844 0.0101055428386 
845 0.0100808301941 
846 0.010044769384 
847 0.0100118620321 
848 0.0099916132167 
849 0.00989772751927 
850 0.00989220943302 
851 0.00986074469984 
852 0.00981396995485 
853 0.00980368349701 
854 0.00976154766977 
855 0.00974193867296 
856 0.00971006881446 
857 0.00968841742724 
858 0.00966801401228 
859 0.00965468306094 
860 0.00959095731378 
861 0.00955692771822 
862 0.00955607555807 
863 0.00954250246286 
864 0.00950853712857 
865 0.00949056819081 
866 0.00945642031729 
867 0.00939042214304 
868 0.00938601605594 
869 0.00934364832938 
870 0.00932686962187 
871 0.00932487566024 
872 0.00929974298924 
873 0.00927956029773 
874 0.00918298400939 
875 0.00915323756635 
876 0.00910618714988 
877 0.00909859780222 
878 0.00903356261551 
879 0.00900032557547 
880 0.00899248942733 
881 0.00897260010242 
882 0.00892684794962 
883 0.00891751982272 
884 0.00887843128294 
885 0.00883724354208 
886 0.00881772954017 
887 0.00881716702133 
888 0.00879652705044 
889 0.00871048960835 
890 0.00867130793631 
891 0.00859756115824 
892 0.00859589315951 
893 0.00859493855387 
894 0.00859074480832 
895 0.00849888008088 
896 0.00846345350146 
897 0.00844737887383 
898 0.00844250433147 
899 0.00842917710543 
900 0.00842184107751 
901 0.00838785804808 
902 0.00832687690854 
903 0.00832100585103 
904 0.00829704664648 
905 0.00826665014029 
906 0.00826521124691 
907 0.0082020079717 
908 0.00817259587348 
909 0.00817183405161 
910 0.0081697460264 
911 0.00816269032657 
912 0.00815048255026 
913 0.00813806988299 
914 0.00813151989132 
915 0.00811007525772 
916 0.00808564200997 
917 0.00802554842085 
918 0.0079545462504 
919 0.00790732912719 
920 0.0079000191763 
921 0.00787618011236 
922 0.00780718121678 
923 0.00777327734977 
924 0.00777127873152 
925 0.00775150861591 
926 0.00774055626243 
927 0.00767862517387 
928 0.00766393588856 
929 0.00766017194837 
930 0.00762510672212 
931 0.00759459333494 
932 0.0075878710486 
933 0.00758383050561 
934 0.00754181109369 
935 0.00753193162382 
936 0.00747894728556 
937 0.00743918865919 
938 0.0074376235716 
939 0.00741253979504 
940 0.00740158231929 
941 0.00730172824115 
942 0.00725993141532 
943 0.00725026987493 
944 0.00724641373381 
945 0.00720157288015 
946 0.00716353114694 
947 0.00714064994827 
948 0.0071372827515 
949 0.00712465122342 
950 0.0070463125594 
951 0.00704299239442 
952 0.0070364754647 
953 0.00701138935983 
954 0.0068293903023 
955 0.00675758626312 
956 0.00673412159085 
957 0.00672924146056 
958 0.00661768484861 
959 0.00656538037583 
960 0.00651367707178 
961 0.0064742625691 
962 0.00640996126458 
963 0.00633428851143 
964 0.00633048918098 
965 0.00620985077694 
966 0.00619134865701 
967 0.00618333928287 
968 0.00608500465751 
969 0.00601956760511 
970 0.00593085028231 
971 0.00591407343745 
972 0.00586064066738 
973 0.0057560862042 
974 0.00572313647717 
975 0.00557552138343 
976 0.00544615928084 
977 0.00543801300228 
978 0.0053575085476 
979 0.00533754937351 
980 0.00529205426574 
981 0.00528452266008 
982 0.00523880217224 
983 0.00516474619508 
984 0.00504245050251 
985 0.00484436377883 
986 0.00479077082127 
987 0.00471103750169 
988 0.00468616513535 
989 0.00462432811037 
990 0.00441735424101 
991 0.00425475044176 
992 0.00416293833405 
993 0.00413896143436 
994 0.00406157039106 
995 0.0039077824913 
996 0.00335839996114 
997 0.00289732636884 
998 0.00270692282356 
999 0.00261382572353 
1000 0.00139500305522 
