10 0.077006
11 0.048298
12 0.044677
13 0.068422
14 0.122423
15 0.112213
16 0.089515
17 0.080720
18 0.119742
19 0.139046
20 0.090991
21 0.136225
22 0.129891
23 0.144837
24 0.140043
25 0.138265
26 0.138592
27 0.157876
28 0.149264
29 0.146897
30 0.152197
31 0.140778
32 0.153031
33 0.151489
34 0.152696
35 0.154988
36 0.119178
37 0.152112
38 0.162154
39 0.147842
40 0.164849
41 0.161277
42 0.153345
43 0.175092
44 0.164010
45 0.160658
46 0.162298
47 0.159569
48 0.168954
49 0.171109
50 0.168989
51 0.168831
52 0.176260
53 0.164162
54 0.172425
55 0.170532
56 0.168009
57 0.171559
58 0.166160
59 0.170194
60 0.171716
61 0.174667
62 0.173197
63 0.172225
64 0.174306
65 0.173313
66 0.170757
67 0.175859
68 0.173437
69 0.172088
70 0.174811
71 0.173453
72 0.175826
73 0.175857
74 0.174941
75 0.175162
76 0.176805
77 0.174820
78 0.174622
79 0.172703
80 0.178744
81 0.175568
82 0.173319
83 0.177949
84 0.175431
85 0.175014
86 0.174560
87 0.176083
88 0.175237
89 0.175484
90 0.175957
91 0.176792
92 0.175578
93 0.175724
94 0.175891
95 0.176483
96 0.176208
97 0.176604
98 0.177072
99 0.176500
100 0.176500
101 0.176500
102 0.176500
103 0.176500
104 0.176500
105 0.176500
106 0.176500
107 0.176500
108 0.176500
109 0.176500
110 0.176500
111 0.176500
112 0.176500
113 0.176500
114 0.176500
115 0.176500
116 0.176500
117 0.176500
118 0.176500
119 0.176500
120 0.176500
121 0.176500
122 0.176500
123 0.176500
124 0.176500
125 0.176500
126 0.176500
127 0.176500
128 0.176500
129 0.176500
130 0.176500
131 0.176500
132 0.176500
133 0.176500
134 0.176500
135 0.176500
136 0.176500
137 0.176500
138 0.176500
139 0.176500
140 0.176500
141 0.176500
142 0.176500
143 0.176500
144 0.176500
145 0.176500
146 0.176500
147 0.176500
148 0.176500
149 0.176500
150 0.176500
151 0.176500
152 0.176500
153 0.176500
154 0.176500
155 0.176500
156 0.176500
157 0.176500
158 0.176500
159 0.176500
160 0.176500
161 0.176500
162 0.176500
163 0.176500
164 0.176500
165 0.176500
166 0.176500
167 0.176500
168 0.176500
169 0.176500
170 0.176500
171 0.176500
172 0.176500
173 0.176500
174 0.176500
175 0.176500
176 0.176500
177 0.176500
178 0.176500
179 0.176500
180 0.176500
181 0.176500
182 0.176500
183 0.176500
184 0.176500
185 0.176500
186 0.176500
187 0.176500
188 0.176500
189 0.176500
190 0.176500
191 0.176500
192 0.176500
193 0.176500
194 0.176500
195 0.176500
196 0.176500
197 0.176500
198 0.176500
199 0.176500
