1 0.69902654292
2 0.016252313998
3 0.0162521385819
4 0.0162521346828
5 0.0162521345962
6 0.0162521345943
7 0.0162521345942
8 0.0162521345942
9 0.0162521345942
10 0.0162521345942
11 0.0162521345942
12 0.0162521345942
13 0.0162521345942
14 0.0162521345942
15 0.0162521345942
16 0.0162521345942
17 0.0162521345942
18 0.0162521345942
19 0.0162521345942
20 0.0162521345942
21 0.0162521345942
22 0.0162521345942
23 0.0162521345942
24 0.0162521345942
25 0.0162521345942
26 0.0162521345942
27 0.0162521345942
28 0.0162521345942
29 0.0162521345942
30 0.0162521345942
31 0.0162521345942
32 0.0162521345942
33 0.0162521345942
34 0.0162521345942
35 0.0162521345942
36 0.0162521345942
37 0.0162521345942
38 0.0162521345942
39 0.0162521345942
40 0.0162521345942
41 0.0162521345942
42 0.0162521345942
43 0.0162521345942
44 0.0162521345942
45 0.0162521345942
46 0.0162521345942
47 0.0162521345942
48 0.0162521345942
49 0.0162521345942
50 0.0162521345942
51 0.0162521345942
52 0.0162521345942
53 0.0162521345942
54 0.0162521345942
55 0.0162521345942
56 0.0162521345942
57 0.0162521345942
58 0.0162521345942
59 0.0162521345942
60 0.0162521345942
61 0.0162521345942
62 0.0162521345942
63 0.0162521345942
64 0.0162521345942
65 0.0162521345942
66 0.0162521345942
67 0.0162521345942
68 0.0162521345942
69 0.0162521345942
70 0.0162521345942
71 0.0162521345942
72 0.0162521345942
73 0.0162521345942
74 0.0162521345942
75 0.0162521345942
76 0.0162521345942
77 0.0162521345942
78 0.0162521345942
79 0.0162521345942
80 0.0162521345942
81 0.0162521345942
82 0.0162521345942
83 0.0162521345942
84 0.0162521345942
85 0.0162521345942
86 0.0162521345942
87 0.0162521345942
88 0.0162521345942
89 0.0162521345942
90 0.0162521345942
91 0.0162521345942
92 0.0162521345942
93 0.0162521345942
94 0.0162521345942
95 0.0162521345942
96 0.0162521345942
97 0.0162521345942
98 0.0162521345942
99 0.0162521345942
100 0.0162521345942
101 0.0162521345942
102 0.0162521345942
103 0.0162521345942
104 0.0162521345942
105 0.0162521345942
106 0.0162521345942
107 0.0162521345942
108 0.0162521345942
109 0.0162521345942
110 0.0162521345942
111 0.0162521345942
112 0.0162521345942
113 0.0162521345942
114 0.0162521345942
115 0.0162521345942
116 0.0162521345942
117 0.0162521345942
118 0.0162521345942
119 0.0162521345942
120 0.0162521345942
121 0.0162521345942
122 0.0162521345942
123 0.0162521345942
124 0.0162521345942
125 0.0162521345942
126 0.0162521345942
127 0.0162521345942
128 0.0162521345942
129 0.0162521345942
130 0.0162521345942
131 0.0162521345942
132 0.0162521345942
133 0.0162521345942
134 0.0162521345942
135 0.0162521345942
136 0.0162521345942
137 0.0162521345942
138 0.0162521345942
139 0.0162521345942
140 0.0162521345942
141 0.0162521345942
142 0.0162521345942
143 0.0162521345942
144 0.0162521345942
145 0.0162521345942
146 0.0162521345942
147 0.0162521345942
148 0.0162521345942
149 0.0162521345942
150 0.0162521345942
151 0.0162521345942
152 0.0162521345942
153 0.0162521345942
154 0.0162521345942
155 0.0162521345942
156 0.0162521345942
157 0.0162521345942
158 0.0162521345942
159 0.0162521345942
160 0.0162521345942
161 0.0162521345942
162 0.0162521345942
163 0.0162521345942
164 0.0162521345942
165 0.0162521345942
166 0.0162521345942
167 0.0162521345942
168 0.0162521345942
169 0.0162521345942
170 0.0162521345942
171 0.0162521345942
172 0.0162521345942
173 0.0162521345942
174 0.0162521345942
175 0.0162521345942
176 0.0162521345942
177 0.0162521345942
178 0.0162521345942
179 0.0162521345942
180 0.0162521345942
181 0.0162521345942
182 0.0162521345942
183 0.0162521345942
184 0.0162521345942
185 0.0162521345942
186 0.0162521345942
187 0.0162521345942
188 0.0162521345942
189 0.0162521345942
190 0.0162521345942
191 0.0162521345942
192 0.0162521345942
193 0.0162521345942
194 0.0162521345942
195 0.0162521345942
196 0.0162521345942
197 0.0162521345942
198 0.0162521345942
199 0.0162521345942
200 0.0162521345942
201 0.0162521345942
202 0.0162521345942
203 0.0162521345942
204 0.0162521345942
205 0.0162521345942
206 0.0162521345942
207 0.0162521345942
208 0.0162521345942
209 0.0162521345942
210 0.0162521345942
211 0.0162521345942
212 0.0162521345942
213 0.0162521345942
214 0.0162521345942
215 0.0162521345942
216 0.0162521345942
217 0.0162521345942
218 0.0162521345942
219 0.0162521345942
220 0.0162521345942
221 0.0162521345942
222 0.0162521345942
223 0.0162521345942
224 0.0162521345942
225 0.0162521345942
226 0.0162521345942
227 0.0162521345942
228 0.0162521345942
229 0.0162521345942
230 0.0162521345942
231 0.0162521345942
232 0.0162521345942
233 0.0162521345942
234 0.0162521345942
235 0.0162521345942
236 0.0162521345942
237 0.0162521345942
238 0.0162521345942
239 0.0162521345942
240 0.0162521345942
241 0.0162521345942
242 0.0162521345942
243 0.0162521345942
244 0.0162521345942
245 0.0162521345942
246 0.0162521345942
247 0.0162521345942
248 0.0162521345942
249 0.0162521345942
250 0.0162521345942
251 0.0162521345942
252 0.0162521345942
253 0.0162521345942
254 0.0162521345942
255 0.0162521345942
256 0.0162521345942
257 0.0162521345942
258 0.0162521345942
259 0.0162521345942
260 0.0162521345942
261 0.0162521345942
262 0.0162521345942
263 0.0162521345942
264 0.0162521345942
265 0.0162521345942
266 0.0162521345942
267 0.0162521345942
268 0.0162521345942
269 0.0162521345942
270 0.0162521345942
271 0.0162521345942
272 0.0162521345942
273 0.0162521345942
274 0.0162521345942
275 0.0162521345942
276 0.0162521345942
277 0.0162521345942
278 0.0162521345942
279 0.0162521345942
280 0.0162521345942
281 0.0162521345942
282 0.0162521345942
283 0.0162521345942
284 0.0162521345942
285 0.0162521345942
286 0.0162521345942
287 0.0162521345942
288 0.0162521345942
289 0.0162521345942
290 0.0162521345942
291 0.0162521345942
292 0.0162521345942
293 0.0162521345942
294 0.0162521345942
295 0.0162521345942
296 0.0162521345942
297 0.0162521345942
298 0.0162521345942
299 0.0162521345942
300 0.0162521345942
301 0.0162521345942
302 0.0162521345942
303 0.0162521345942
304 0.0162521345942
305 0.0162521345942
306 0.0162521345942
307 0.0162521345942
308 0.0162521345942
309 0.0162521345942
310 0.0162521345942
311 0.0162521345942
312 0.0162521345942
313 0.0162521345942
314 0.0162521345942
315 0.0162521345942
316 0.0162521345942
317 0.0162521345942
318 0.0162521345942
319 0.0162521345942
320 0.0162521345942
321 0.0162521345942
322 0.0162521345942
323 0.0162521345942
324 0.0162521345942
325 0.0162521345942
326 0.0162521345942
327 0.0162521345942
328 0.0162521345942
329 0.0162521345942
330 0.0162521345942
331 0.0162521345942
332 0.0162521345942
333 0.0162521345942
334 0.0162521345942
335 0.0162521345942
336 0.0162521345942
337 0.0162521345942
338 0.0162521345942
339 0.0162521345942
340 0.0162521345942
341 0.0162521345942
342 0.0162521345942
343 0.0162521345942
344 0.0162521345942
345 0.0162521345942
346 0.0162521345942
347 0.0162521345942
348 0.0162521345942
349 0.0162521345942
350 0.0162521345942
351 0.0162521345942
352 0.0162521345942
353 0.0162521345942
354 0.0162521345942
355 0.0162521345942
356 0.0162521345942
357 0.0162521345942
358 0.0162521345942
359 0.0162521345942
360 0.0162521345942
361 0.0162521345942
362 0.0162521345942
363 0.0162521345942
364 0.0162521345942
365 0.0162521345942
366 0.0162521345942
367 0.0162521345942
368 0.0162521345942
369 0.0162521345942
370 0.0162521345942
371 0.0162521345942
372 0.0162521345942
373 0.0162521345942
374 0.0162521345942
375 0.0162521345942
376 0.0162521345942
377 0.0162521345942
378 0.0162521345942
379 0.0162521345942
380 0.0162521345942
381 0.0162521345942
382 0.0162521345942
383 0.0162521345942
384 0.0162521345942
385 0.0162521345942
386 0.0162521345942
387 0.0162521345942
388 0.0162521345942
389 0.0162521345942
390 0.0162521345942
391 0.0162521345942
392 0.0162521345942
393 0.0162521345942
394 0.0162521345942
395 0.0162521345942
396 0.0162521345942
397 0.0162521345942
398 0.0162521345942
399 0.0162521345942
400 0.0162521345942
401 0.0162521345942
402 0.0162521345942
403 0.0162521345942
404 0.0162521345942
405 0.0162521345942
406 0.0162521345942
407 0.0162521345942
408 0.0162521345942
409 0.0162521345942
410 0.0162521345942
411 0.0162521345942
412 0.0162521345942
413 0.0162521345942
414 0.0162521345942
415 0.0162521345942
416 0.0162521345942
417 0.0162521345942
418 0.0162521345942
419 0.0162521345942
420 0.0162521345942
421 0.0162521345942
422 0.0162521345942
423 0.0162521345942
424 0.0162521345942
425 0.0162521345942
426 0.0162521345942
427 0.0162521345942
428 0.0162521345942
429 0.0162521345942
430 0.0162521345942
431 0.0162521345942
432 0.0162521345942
433 0.0162521345942
434 0.0162521345942
435 0.0162521345942
436 0.0162521345942
437 0.0162521345942
438 0.0162521345942
439 0.0162521345942
440 0.0162521345942
441 0.0162521345942
442 0.0162521345942
443 0.0162521345942
444 0.0162521345942
445 0.0162521345942
446 0.0162521345942
447 0.0162521345942
448 0.0162521345942
449 0.0162521345942
450 0.0162521345942
451 0.0162521345942
452 0.0162521345942
453 0.0162521345942
454 0.0162521345942
455 0.0162521345942
456 0.0162521345942
457 0.0162521345942
458 0.0162521345942
459 0.0162521345942
460 0.0162521345942
461 0.0162521345942
462 0.0162521345942
463 0.0162521345942
464 0.0162521345942
465 0.0162521345942
466 0.0162521345942
467 0.0162521345942
468 0.0162521345942
469 0.0162521345942
470 0.0162521345942
471 0.0162521345942
472 0.0162521345942
473 0.0162521345942
474 0.0162521345942
475 0.0162521345942
476 0.0162521345942
477 0.0162521345942
478 0.0162521345942
479 0.0162521345942
480 0.0162521345942
481 0.0162521345942
482 0.0162521345942
483 0.0162521345942
484 0.0162521345942
485 0.0162521345942
486 0.0162521345942
487 0.0162521345942
488 0.0162521345942
489 0.0162521345942
490 0.0162521345942
491 0.0162521345942
492 0.0162521345942
493 0.0162521345942
494 0.0162521345942
495 0.0162521345942
496 0.0162521345942
497 0.0162521345942
498 0.0162521345942
499 0.0162521345942
500 0.0162521345942
501 0.0162521345942
502 0.0162521345942
503 0.0162521345942
504 0.0162521345942
505 0.0162521345942
506 0.0162521345942
507 0.0162521345942
508 0.0162521345942
509 0.0162521345942
510 0.0162521345942
511 0.0162521345942
512 0.0162521345942
513 0.0162521345942
514 0.0162521345942
515 0.0162521345942
516 0.0162521345942
517 0.0162521345942
518 0.0162521345942
519 0.0162521345942
520 0.0162521345942
521 0.0162521345942
522 0.0162521345942
523 0.0162521345942
524 0.0162521345942
525 0.0162521345942
526 0.0162521345942
527 0.0162521345942
528 0.0162521345942
529 0.0162521345942
530 0.0162521345942
531 0.0162521345942
532 0.0162521345942
533 0.0162521345942
534 0.0162521345942
535 0.0162521345942
536 0.0162521345942
537 0.0162521345942
538 0.0162521345942
539 0.0162521345942
540 0.0162521345942
541 0.0162521345942
542 0.0162521345942
543 0.0162521345942
544 0.0162521345942
545 0.0162521345942
546 0.0162521345942
547 0.0162521345942
548 0.0162521345942
549 0.0162521345942
550 0.0162521345942
551 0.0162521345942
552 0.0162521345942
553 0.0162521345942
554 0.0162521345942
555 0.0162521345942
556 0.0162521345942
557 0.0162521345942
558 0.0162521345942
559 0.0162521345942
560 0.0162521345942
561 0.0162521345942
562 0.0162521345942
563 0.0162521345942
564 0.0162521345942
565 0.0162521345942
566 0.0162521345942
567 0.0162521345942
568 0.0162521345942
569 0.0162521345942
570 0.0162521345942
571 0.0162521345942
572 0.0162521345942
573 0.0162521345942
574 0.0162521345942
575 0.0162521345942
576 0.0162521345942
577 0.0162521345942
578 0.0162521345942
579 0.0162521345942
580 0.0162521345942
581 0.0162521345942
582 0.0162521345942
583 0.0162521345942
584 0.0162521345942
585 0.0162521345942
586 0.0162521345942
587 0.0162521345942
588 0.0162521345942
589 0.0162521345942
590 0.0162521345942
591 0.0162521345942
592 0.0162521345942
593 0.0162521345942
594 0.0162521345942
595 0.0162521345942
596 0.0162521345942
597 0.0162521345942
598 0.0162521345942
599 0.0162521345942
600 0.0162521345942
601 0.0162521345942
602 0.0162521345942
603 0.0162521345942
604 0.0162521345942
605 0.0162521345942
606 0.0162521345942
607 0.0162521345942
608 0.0162521345942
609 0.0162521345942
610 0.0162521345942
611 0.0162521345942
612 0.0162521345942
613 0.0162521345942
614 0.0162521345942
615 0.0162521345942
616 0.0162521345942
617 0.0162521345942
618 0.0162521345942
619 0.0162521345942
620 0.0162521345942
621 0.0162521345942
622 0.0162521345942
623 0.0162521345942
624 0.0162521345942
625 0.0162521345942
626 0.0162521345942
627 0.0162521345942
628 0.0162521345942
629 0.0162521345942
630 0.0162521345942
631 0.0162521345942
632 0.0162521345942
633 0.0162521345942
634 0.0162521345942
635 0.0162521345942
636 0.0162521345942
637 0.0162521345942
638 0.0162521345942
639 0.0162521345942
640 0.0162521345942
641 0.0162521345942
642 0.0162521345942
643 0.0162521345942
644 0.0162521345942
645 0.0162521345942
646 0.0162521345942
647 0.0162521345942
648 0.0162521345942
649 0.0162521345942
650 0.0162521345942
651 0.0162521345942
652 0.0162521345942
653 0.0162521345942
654 0.0162521345942
655 0.0162521345942
656 0.0162521345942
657 0.0162521345942
658 0.0162521345942
659 0.0162521345942
660 0.0162521345942
661 0.0162521345942
662 0.0162521345942
663 0.0162521345942
664 0.0162521345942
665 0.0162521345942
666 0.0162521345942
667 0.0162521345942
668 0.0162521345942
669 0.0162521345942
670 0.0162521345942
671 0.0162521345942
672 0.0162521345942
673 0.0162521345942
674 0.0162521345942
675 0.0162521345942
676 0.0162521345942
677 0.0162521345942
678 0.0162521345942
679 0.0162521345942
680 0.0162521345942
681 0.0162521345942
682 0.0162521345942
683 0.0162521345942
684 0.0162521345942
685 0.0162521345942
686 0.0162521345942
687 0.0162521345942
688 0.0162521345942
689 0.0162521345942
690 0.0162521345942
691 0.0162521345942
692 0.0162521345942
693 0.0162521345942
694 0.0162521345942
695 0.0162521345942
696 0.0162521345942
697 0.0162521345942
698 0.0162521345942
699 0.0162521345942
700 0.0162521345942
701 0.0162521345942
702 0.0162521345942
703 0.0162521345942
704 0.0162521345942
705 0.0162521345942
706 0.0162521345942
707 0.0162521345942
708 0.0162521345942
709 0.0162521345942
710 0.0162521345942
711 0.0162521345942
712 0.0162521345942
713 0.0162521345942
714 0.0162521345942
715 0.0162521345942
716 0.0162521345942
717 0.0162521345942
718 0.0162521345942
719 0.0162521345942
720 0.0162521345942
721 0.0162521345942
722 0.0162521345942
723 0.0162521345942
724 0.0162521345942
725 0.0162521345942
726 0.0162521345942
727 0.0162521345942
728 0.0162521345942
729 0.0162521345942
730 0.0162521345942
731 0.0162521345942
732 0.0162521345942
733 0.0162521345942
734 0.0162521345942
735 0.0162521345942
736 0.0162521345942
737 0.0162521345942
738 0.0162521345942
739 0.0162521345942
740 0.0162521345942
741 0.0162521345942
742 0.0162521345942
743 0.0162521345942
744 0.0162521345942
745 0.0162521345942
746 0.0162521345942
747 0.0162521345942
748 0.0162521345942
749 0.0162521345942
750 0.0162521345942
751 0.0162521345942
752 0.0162521345942
753 0.0162521345942
754 0.0162521345942
755 0.0162521345942
756 0.0162521345942
757 0.0162521345942
758 0.0162521345942
759 0.0162521345942
760 0.0162521345942
761 0.0162521345942
762 0.0162521345942
763 0.0162521345942
764 0.0162521345942
765 0.0162521345942
766 0.0162521345942
767 0.0162521345942
768 0.0162521345942
769 0.0162521345942
770 0.0162521345942
771 0.0162521345942
772 0.0162521345942
773 0.0162521345942
774 0.0162521345942
775 0.0162521345942
776 0.0162521345942
777 0.0162521345942
778 0.0162521345942
779 0.0162521345942
780 0.0162521345942
781 0.0162521345942
782 0.0162521345942
783 0.0162521345942
784 0.0162521345942
785 0.0162521345942
786 0.0162521345942
787 0.0162521345942
788 0.0162521345942
789 0.0162521345942
790 0.0162521345942
791 0.0162521345942
792 0.0162521345942
793 0.0162521345942
794 0.0162521345942
795 0.0162521345942
796 0.0162521345942
797 0.0162521345942
798 0.0162521345942
799 0.0162521345942
800 0.0162521345942
801 0.0162521345942
802 0.0162521345942
803 0.0162521345942
804 0.0162521345942
805 0.0162521345942
806 0.0162521345942
807 0.0162521345942
808 0.0162521345942
809 0.0162521345942
810 0.0162521345942
811 0.0162521345942
812 0.0162521345942
813 0.0162521345942
814 0.0162521345942
815 0.0162521345942
816 0.0162521345942
817 0.0162521345942
818 0.0162521345942
819 0.0162521345942
820 0.0162521345942
821 0.0162521345942
822 0.0162521345942
823 0.0162521345942
824 0.0162521345942
825 0.0162521345942
826 0.0162521345942
827 0.0162521345942
828 0.0162521345942
829 0.0162521345942
830 0.0162521345942
831 0.0162521345942
832 0.0162521345942
833 0.0162521345942
834 0.0162521345942
835 0.0162521345942
836 0.0162521345942
837 0.0162521345942
838 0.0162521345942
839 0.0162521345942
840 0.0162521345942
841 0.0162521345942
842 0.0162521345942
843 0.0162521345942
844 0.0162521345942
845 0.0162521345942
846 0.0162521345942
847 0.0162521345942
848 0.0162521345942
849 0.0162521345942
850 0.0162521345942
851 0.0162521345942
852 0.0162521345942
853 0.0162521345942
854 0.0162521345942
855 0.0162521345942
856 0.0162521345942
857 0.0162521345942
858 0.0162521345942
859 0.0162521345942
860 0.0162521345942
861 0.0162521345942
862 0.0162521345942
863 0.0162521345942
864 0.0162521345942
865 0.0162521345942
866 0.0162521345942
867 0.0162521345942
868 0.0162521345942
869 0.0162521345942
870 0.0162521345942
871 0.0162521345942
872 0.0162521345942
873 0.0162521345942
874 0.0162521345942
875 0.0162521345942
876 0.0162521345942
877 0.0162521345942
878 0.0162521345942
879 0.0162521345942
880 0.0162521345942
881 0.0162521345942
882 0.0162521345942
883 0.0162521345942
884 0.0162521345942
885 0.0162521345942
886 0.0162521345942
887 0.0162521345942
888 0.0162521345942
889 0.0162521345942
890 0.0162521345942
891 0.0162521345942
892 0.0162521345942
893 0.0162521345942
894 0.0162521345942
895 0.0162521345942
896 0.0162521345942
897 0.0162521345942
898 0.0162521345942
899 0.0162521345942
900 0.0162521345942
901 0.0162521345942
902 0.0162521345942
903 0.0162521345942
904 0.0162521345942
905 0.0162521345942
906 0.0162521345942
907 0.0162521345942
908 0.0162521345942
909 0.0162521345942
910 0.0162521345942
911 0.0162521345942
912 0.0162521345942
913 0.0162521345942
914 0.0162521345942
915 0.0162521345942
916 0.0162521345942
917 0.0162521345942
918 0.0162521345942
919 0.0162521345942
920 0.0162521345942
921 0.0162521345942
922 0.0162521345942
923 0.0162521345942
924 0.0162521345942
925 0.0162521345942
926 0.0162521345942
927 0.0162521345942
928 0.0162521345942
929 0.0162521345942
930 0.0162521345942
931 0.0162521345942
932 0.0162521345942
933 0.0162521345942
934 0.0162521345942
935 0.0162521345942
936 0.0162521345942
937 0.0162521345942
938 0.0162521345942
939 0.0162521345942
940 0.0162521345942
941 0.0162521345942
942 0.0162521345942
943 0.0162521345942
944 0.0162521345942
945 0.0162521345942
946 0.0162521345942
947 0.0162521345942
948 0.0162521345942
949 0.0162521345942
950 0.0162521345942
951 0.0162521345942
952 0.0162521345942
953 0.0162521345942
954 0.0162521345942
955 0.0162521345942
956 0.0162521345942
957 0.0162521345942
958 0.0162521345942
959 0.0162521345942
960 0.0162521345942
961 0.0162521345942
962 0.0162521345942
963 0.0162521345942
964 0.0162521345942
965 0.0162521345942
966 0.0162521345942
967 0.0162521345942
968 0.0162521345942
969 0.0162521345942
970 0.0162521345942
971 0.0162521345942
972 0.0162521345942
973 0.0162521345942
974 0.0162521345942
975 0.0162521345942
976 0.0162521345942
977 0.0162521345942
978 0.0162521345942
979 0.0162521345942
980 0.0162521345942
981 0.0162521345942
982 0.0162521345942
983 0.0162521345942
984 0.0162521345942
985 0.0162521345942
986 0.0162521345942
987 0.0162521345942
988 0.0162521345942
989 0.0162521345942
990 0.0162521345942
991 0.0162521345942
992 0.0162521345942
993 0.0162521345942
994 0.0162521345942
995 0.0162521345942
996 0.0162521345942
997 0.0162521345942
998 0.0162521345942
999 0.0162521345942
1000 0.0162521345942
1001 0.0162521345942
1002 0.0162521345942
1003 0.0162521345942
1004 0.0162521345942
1005 0.0162521345942
1006 0.0162521345942
1007 0.0162521345942
1008 0.0162521345942
1009 0.0162521345942
1010 0.0162521345942
1011 0.0162521345942
1012 0.0162521345942
1013 0.0162521345942
1014 0.0162521345942
1015 0.0162521345942
1016 0.0162521345942
1017 0.0162521345942
1018 0.0162521345942
1019 0.0162521345942
1020 0.0162521345942
1021 0.0162521345942
1022 0.0162521345942
1023 0.0162521345942
1024 0.0162521345942
1025 0.0162521345942
1026 0.0162521345942
1027 0.0162521345942
1028 0.0162521345942
1029 0.0162521345942
1030 0.0162521345942
1031 0.0162521345942
1032 0.0162521345942
1033 0.0162521345942
1034 0.0162521345942
1035 0.0162521345942
1036 0.0162521345942
1037 0.0162521345942
1038 0.0162521345942
1039 0.0162521345942
1040 0.0162521345942
1041 0.0162521345942
1042 0.0162521345942
1043 0.0162521345942
1044 0.0162521345942
1045 0.0162521345942
1046 0.0162521345942
1047 0.0162521345942
1048 0.0162521345942
1049 0.0162521345942
1050 0.0162521345942
1051 0.0162521345942
1052 0.0162521345942
1053 0.0162521345942
1054 0.0162521345942
1055 0.0162521345942
1056 0.0162521345942
1057 0.0162521345942
1058 0.0162521345942
1059 0.0162521345942
1060 0.0162521345942
1061 0.0162521345942
1062 0.0162521345942
1063 0.0162521345942
1064 0.0162521345942
1065 0.0162521345942
1066 0.0162521345942
1067 0.0162521345942
1068 0.0162521345942
1069 0.0162521345942
1070 0.0162521345942
1071 0.0162521345942
1072 0.0162521345942
1073 0.0162521345942
1074 0.0162521345942
1075 0.0162521345942
1076 0.0162521345942
1077 0.0162521345942
1078 0.0162521345942
1079 0.0162521345942
1080 0.0162521345942
1081 0.0162521345942
1082 0.0162521345942
1083 0.0162521345942
1084 0.0162521345942
1085 0.0162521345942
1086 0.0162521345942
1087 0.0162521345942
1088 0.0162521345942
1089 0.0162521345942
1090 0.0162521345942
1091 0.0162521345942
1092 0.0162521345942
1093 0.0162521345942
1094 0.0162521345942
1095 0.0162521345942
1096 0.0162521345942
1097 0.0162521345942
1098 0.0162521345942
1099 0.0162521345942
1100 0.0162521345942
1101 0.0162521345942
1102 0.0162521345942
1103 0.0162521345942
1104 0.0162521345942
1105 0.0162521345942
1106 0.0162521345942
1107 0.0162521345942
1108 0.0162521345942
1109 0.0162521345942
1110 0.0162521345942
1111 0.0162521345942
1112 0.0162521345942
1113 0.0162521345942
1114 0.0162521345942
1115 0.0162521345942
1116 0.0162521345942
1117 0.0162521345942
1118 0.0162521345942
1119 0.0162521345942
1120 0.0162521345942
1121 0.0162521345942
1122 0.0162521345942
1123 0.0162521345942
1124 0.0162521345942
1125 0.0162521345942
1126 0.0162521345942
1127 0.0162521345942
1128 0.0162521345942
1129 0.0162521345942
1130 0.0162521345942
1131 0.0162521345942
1132 0.0162521345942
1133 0.0162521345942
1134 0.0162521345942
1135 0.0162521345942
1136 0.0162521345942
1137 0.0162521345942
1138 0.0162521345942
1139 0.0162521345942
1140 0.0162521345942
1141 0.0162521345942
1142 0.0162521345942
1143 0.0162521345942
1144 0.0162521345942
1145 0.0162521345942
1146 0.0162521345942
1147 0.0162521345942
1148 0.0162521345942
1149 0.0162521345942
1150 0.0162521345942
1151 0.0162521345942
1152 0.0162521345942
1153 0.0162521345942
1154 0.0162521345942
1155 0.0162521345942
1156 0.0162521345942
1157 0.0162521345942
1158 0.0162521345942
1159 0.0162521345942
1160 0.0162521345942
1161 0.0162521345942
1162 0.0162521345942
1163 0.0162521345942
1164 0.0162521345942
1165 0.0162521345942
1166 0.0162521345942
1167 0.0162521345942
1168 0.0162521345942
1169 0.0162521345942
1170 0.0162521345942
1171 0.0162521345942
1172 0.0162521345942
1173 0.0162521345942
1174 0.0162521345942
1175 0.0162521345942
1176 0.0162521345942
1177 0.0162521345942
1178 0.0162521345942
1179 0.0162521345942
1180 0.0162521345942
1181 0.0162521345942
1182 0.0162521345942
1183 0.0162521345942
1184 0.0162521345942
1185 0.0162521345942
1186 0.0162521345942
1187 0.0162521345942
1188 0.0162521345942
1189 0.0162521345942
1190 0.0162521345942
1191 0.0162521345942
1192 0.0162521345942
1193 0.0162521345942
1194 0.0162521345942
1195 0.0162521345942
1196 0.0162521345942
1197 0.0162521345942
1198 0.0162521345942
1199 0.0162521345942
1200 0.0162521345942
1201 0.0162521345942
1202 0.0162521345942
1203 0.0162521345942
1204 0.0162521345942
1205 0.0162521345942
1206 0.0162521345942
1207 0.0162521345942
1208 0.0162521345942
1209 0.0162521345942
1210 0.0162521345942
1211 0.0162521345942
1212 0.0162521345942
1213 0.0162521345942
1214 0.0162521345942
1215 0.0162521345942
1216 0.0162521345942
1217 0.0162521345942
1218 0.0162521345942
1219 0.0162521345942
1220 0.0162521345942
1221 0.0162521345942
1222 0.0162521345942
1223 0.0162521345942
1224 0.0162521345942
1225 0.0162521345942
1226 0.0162521345942
1227 0.0162521345942
1228 0.0162521345942
1229 0.0162521345942
1230 0.0162521345942
1231 0.0162521345942
1232 0.0162521345942
1233 0.0162521345942
1234 0.0162521345942
1235 0.0162521345942
1236 0.0162521345942
1237 0.0162521345942
1238 0.0162521345942
1239 0.0162521345942
1240 0.0162521345942
1241 0.0162521345942
1242 0.0162521345942
1243 0.0162521345942
1244 0.0162521345942
1245 0.0162521345942
1246 0.0162521345942
1247 0.0162521345942
1248 0.0162521345942
1249 0.0162521345942
1250 0.0162521345942
1251 0.0162521345942
1252 0.0162521345942
1253 0.0162521345942
1254 0.0162521345942
1255 0.0162521345942
1256 0.0162521345942
1257 0.0162521345942
1258 0.0162521345942
1259 0.0162521345942
1260 0.0162521345942
1261 0.0162521345942
1262 0.0162521345942
1263 0.0162521345942
1264 0.0162521345942
1265 0.0162521345942
1266 0.0162521345942
1267 0.0162521345942
1268 0.0162521345942
1269 0.0162521345942
1270 0.0162521345942
1271 0.0162521345942
1272 0.0162521345942
1273 0.0162521345942
1274 0.0162521345942
1275 0.0162521345942
1276 0.0162521345942
1277 0.0162521345942
1278 0.0162521345942
1279 0.0162521345942
1280 0.0162521345942
1281 0.0162521345942
1282 0.0162521345942
1283 0.0162521345942
1284 0.0162521345942
1285 0.0162521345942
1286 0.0162521345942
1287 0.0162521345942
1288 0.0162521345942
1289 0.0162521345942
1290 0.0162521345942
1291 0.0162521345942
1292 0.0162521345942
1293 0.0162521345942
1294 0.0162521345942
1295 0.0162521345942
1296 0.0162521345942
1297 0.0162521345942
1298 0.0162521345942
1299 0.0162521345942
1300 0.0162521345942
1301 0.0162521345942
1302 0.0162521345942
1303 0.0162521345942
1304 0.0162521345942
1305 0.0162521345942
1306 0.0162521345942
1307 0.0162521345942
1308 0.0162521345942
1309 0.0162521345942
1310 0.0162521345942
1311 0.0162521345942
1312 0.0162521345942
1313 0.0162521345942
1314 0.0162521345942
1315 0.0162521345942
1316 0.0162521345942
1317 0.0162521345942
1318 0.0162521345942
1319 0.0162521345942
1320 0.0162521345942
1321 0.0162521345942
1322 0.0162521345942
1323 0.0162521345942
1324 0.0162521345942
1325 0.0162521345942
1326 0.0162521345942
1327 0.0162521345942
1328 0.0162521345942
1329 0.0162521345942
1330 0.0162521345942
1331 0.0162521345942
1332 0.0162521345942
1333 0.0162521345942
1334 0.0162521345942
1335 0.0162521345942
1336 0.0162521345942
1337 0.0162521345942
1338 0.0162521345942
1339 0.0162521345942
1340 0.0162521345942
1341 0.0162521345942
1342 0.0162521345942
1343 0.0162521345942
1344 0.0162521345942
1345 0.0162521345942
1346 0.0162521345942
1347 0.0162521345942
1348 0.0162521345942
1349 0.0162521345942
1350 0.0162521345942
1351 0.0162521345942
1352 0.0162521345942
1353 0.0162521345942
1354 0.0162521345942
1355 0.0162521345942
1356 0.0162521345942
1357 0.0162521345942
1358 0.0162521345942
1359 0.0162521345942
1360 0.0162521345942
1361 0.0162521345942
1362 0.0162521345942
1363 0.0162521345942
1364 0.0162521345942
1365 0.0162521345942
1366 0.0162521345942
1367 0.0162521345942
1368 0.0162521345942
1369 0.0162521345942
1370 0.0162521345942
1371 0.0162521345942
1372 0.0162521345942
1373 0.0162521345942
1374 0.0162521345942
1375 0.0162521345942
1376 0.0162521345942
1377 0.0162521345942
1378 0.0162521345942
1379 0.0162521345942
1380 0.0162521345942
1381 0.0162521345942
1382 0.0162521345942
1383 0.0162521345942
1384 0.0162521345942
1385 0.0162521345942
1386 0.0162521345942
1387 0.0162521345942
1388 0.0162521345942
1389 0.0162521345942
1390 0.0162521345942
1391 0.0162521345942
1392 0.0162521345942
1393 0.0162521345942
1394 0.0162521345942
1395 0.0162521345942
1396 0.0162521345942
1397 0.0162521345942
1398 0.0162521345942
1399 0.0162521345942
1400 0.0162521345942
1401 0.0162521345942
1402 0.0162521345942
1403 0.0162521345942
1404 0.0162521345942
1405 0.0162521345942
1406 0.0162521345942
1407 0.0162521345942
1408 0.0162521345942
1409 0.0162521345942
1410 0.0162521345942
1411 0.0162521345942
1412 0.0162521345942
1413 0.0162521345942
1414 0.0162521345942
1415 0.0162521345942
1416 0.0162521345942
1417 0.0162521345942
1418 0.0162521345942
1419 0.0162521345942
1420 0.0162521345942
1421 0.0162521345942
1422 0.0162521345942
1423 0.0162521345942
1424 0.0162521345942
1425 0.0162521345942
1426 0.0162521345942
1427 0.0162521345942
1428 0.0162521345942
1429 0.0162521345942
1430 0.0162521345942
1431 0.0162521345942
1432 0.0162521345942
1433 0.0162521345942
1434 0.0162521345942
1435 0.0162521345942
1436 0.0162521345942
1437 0.0162521345942
1438 0.0162521345942
1439 0.0162521345942
1440 0.0162521345942
1441 0.0162521345942
1442 0.0162521345942
1443 0.0162521345942
1444 0.0162521345942
1445 0.0162521345942
1446 0.0162521345942
1447 0.0162521345942
1448 0.0162521345942
1449 0.0162521345942
1450 0.0162521345942
1451 0.0162521345942
1452 0.0162521345942
1453 0.0162521345942
1454 0.0162521345942
1455 0.0162521345942
1456 0.0162521345942
1457 0.0162521345942
1458 0.0162521345942
1459 0.0162521345942
1460 0.0162521345942
1461 0.0162521345942
1462 0.0162521345942
1463 0.0162521345942
1464 0.0162521345942
1465 0.0162521345942
1466 0.0162521345942
1467 0.0162521345942
1468 0.0162521345942
1469 0.0162521345942
1470 0.0162521345942
1471 0.0162521345942
1472 0.0162521345942
1473 0.0162521345942
1474 0.0162521345942
1475 0.0162521345942
1476 0.0162521345942
1477 0.0162521345942
1478 0.0162521345942
1479 0.0162521345942
1480 0.0162521345942
1481 0.0162521345942
1482 0.0162521345942
1483 0.0162521345942
1484 0.0162521345942
1485 0.0162521345942
1486 0.0162521345942
1487 0.0162521345942
1488 0.0162521345942
1489 0.0162521345942
1490 0.0162521345942
1491 0.0162521345942
1492 0.0162521345942
1493 0.0162521345942
1494 0.0162521345942
1495 0.0162521345942
1496 0.0162521345942
1497 0.0162521345942
1498 0.0162521345942
1499 0.0162521345942
1500 0.0162521345942
1501 0.0162521345942
1502 0.0162521345942
1503 0.0162521345942
1504 0.0162521345942
1505 0.0162521345942
1506 0.0162521345942
1507 0.0162521345942
1508 0.0162521345942
1509 0.0162521345942
1510 0.0162521345942
1511 0.0162521345942
1512 0.0162521345942
1513 0.0162521345942
1514 0.0162521345942
1515 0.0162521345942
1516 0.0162521345942
1517 0.0162521345942
1518 0.0162521345942
1519 0.0162521345942
1520 0.0162521345942
1521 0.0162521345942
1522 0.0162521345942
1523 0.0162521345942
1524 0.0162521345942
1525 0.0162521345942
1526 0.0162521345942
1527 0.0162521345942
1528 0.0162521345942
1529 0.0162521345942
1530 0.0162521345942
1531 0.0162521345942
1532 0.0162521345942
1533 0.0162521345942
1534 0.0162521345942
1535 0.0162521345942
1536 0.0162521345942
1537 0.0162521345942
1538 0.0162521345942
1539 0.0162521345942
1540 0.0162521345942
1541 0.0162521345942
1542 0.0162521345942
1543 0.0162521345942
1544 0.0162521345942
1545 0.0162521345942
1546 0.0162521345942
1547 0.0162521345942
1548 0.0162521345942
1549 0.0162521345942
1550 0.0162521345942
1551 0.0162521345942
1552 0.0162521345942
1553 0.0162521345942
1554 0.0162521345942
1555 0.0162521345942
1556 0.0162521345942
1557 0.0162521345942
1558 0.0162521345942
1559 0.0162521345942
1560 0.0162521345942
1561 0.0162521345942
1562 0.0162521345942
1563 0.0162521345942
1564 0.0162521345942
1565 0.0162521345942
1566 0.0162521345942
1567 0.0162521345942
1568 0.0162521345942
1569 0.0162521345942
1570 0.0162521345942
1571 0.0162521345942
1572 0.0162521345942
1573 0.0162521345942
1574 0.0162521345942
1575 0.0162521345942
1576 0.0162521345942
1577 0.0162521345942
1578 0.0162521345942
1579 0.0162521345942
1580 0.0162521345942
1581 0.0162521345942
1582 0.0162521345942
1583 0.0162521345942
1584 0.0162521345942
1585 0.0162521345942
1586 0.0162521345942
1587 0.0162521345942
1588 0.0162521345942
1589 0.0162521345942
1590 0.0162521345942
1591 0.0162521345942
1592 0.0162521345942
1593 0.0162521345942
1594 0.0162521345942
1595 0.0162521345942
1596 0.0162521345942
1597 0.0162521345942
1598 0.0162521345942
1599 0.0162521345942
1600 0.0162521345942
1601 0.0162521345942
1602 0.0162521345942
1603 0.0162521345942
1604 0.0162521345942
1605 0.0162521345942
1606 0.0162521345942
1607 0.0162521345942
1608 0.0162521345942
1609 0.0162521345942
1610 0.0162521345942
1611 0.0162521345942
1612 0.0162521345942
1613 0.0162521345942
1614 0.0162521345942
1615 0.0162521345942
1616 0.0162521345942
1617 0.0162521345942
1618 0.0162521345942
1619 0.0162521345942
1620 0.0162521345942
1621 0.0162521345942
1622 0.0162521345942
1623 0.0162521345942
1624 0.0162521345942
1625 0.0162521345942
1626 0.0162521345942
1627 0.0162521345942
1628 0.0162521345942
1629 0.0162521345942
1630 0.0162521345942
1631 0.0162521345942
1632 0.0162521345942
1633 0.0162521345942
1634 0.0162521345942
1635 0.0162521345942
1636 0.0162521345942
1637 0.0162521345942
1638 0.0162521345942
1639 0.0162521345942
1640 0.0162521345942
1641 0.0162521345942
1642 0.0162521345942
1643 0.0162521345942
1644 0.0162521345942
1645 0.0162521345942
1646 0.0162521345942
1647 0.0162521345942
1648 0.0162521345942
1649 0.0162521345942
1650 0.0162521345942
1651 0.0162521345942
1652 0.0162521345942
1653 0.0162521345942
1654 0.0162521345942
1655 0.0162521345942
1656 0.0162521345942
1657 0.0162521345942
1658 0.0162521345942
1659 0.0162521345942
1660 0.0162521345942
1661 0.0162521345942
1662 0.0162521345942
1663 0.0162521345942
1664 0.0162521345942
1665 0.0162521345942
1666 0.0162521345942
1667 0.0162521345942
1668 0.0162521345942
1669 0.0162521345942
1670 0.0162521345942
1671 0.0162521345942
1672 0.0162521345942
1673 0.0162521345942
1674 0.0162521345942
1675 0.0162521345942
1676 0.0162521345942
1677 0.0162521345942
1678 0.0162521345942
1679 0.0162521345942
1680 0.0162521345942
1681 0.0162521345942
1682 0.0162521345942
1683 0.0162521345942
1684 0.0162521345942
1685 0.0162521345942
1686 0.0162521345942
1687 0.0162521345942
1688 0.0162521345942
1689 0.0162521345942
1690 0.0162521345942
1691 0.0162521345942
1692 0.0162521345942
1693 0.0162521345942
1694 0.0162521345942
1695 0.0162521345942
1696 0.0162521345942
1697 0.0162521345942
1698 0.0162521345942
1699 0.0162521345942
1700 0.0162521345942
1701 0.0162521345942
1702 0.0162521345942
1703 0.0162521345942
1704 0.0162521345942
1705 0.0162521345942
1706 0.0162521345942
1707 0.0162521345942
1708 0.0162521345942
1709 0.0162521345942
1710 0.0162521345942
1711 0.0162521345942
1712 0.0162521345942
1713 0.0162521345942
1714 0.0162521345942
1715 0.0162521345942
1716 0.0162521345942
1717 0.0162521345942
1718 0.0162521345942
1719 0.0162521345942
1720 0.0162521345942
1721 0.0162521345942
1722 0.0162521345942
1723 0.0162521345942
1724 0.0162521345942
1725 0.0162521345942
1726 0.0162521345942
1727 0.0162521345942
1728 0.0162521345942
1729 0.0162521345942
1730 0.0162521345942
1731 0.0162521345942
1732 0.0162521345942
1733 0.0162521345942
1734 0.0162521345942
1735 0.0162521345942
1736 0.0162521345942
1737 0.0162521345942
1738 0.0162521345942
1739 0.0162521345942
1740 0.0162521345942
1741 0.0162521345942
1742 0.0162521345942
1743 0.0162521345942
1744 0.0162521345942
1745 0.0162521345942
1746 0.0162521345942
1747 0.0162521345942
1748 0.0162521345942
1749 0.0162521345942
1750 0.0162521345942
1751 0.0162521345942
1752 0.0162521345942
1753 0.0162521345942
1754 0.0162521345942
1755 0.0162521345942
1756 0.0162521345942
1757 0.0162521345942
1758 0.0162521345942
1759 0.0162521345942
1760 0.0162521345942
1761 0.0162521345942
1762 0.0162521345942
1763 0.0162521345942
1764 0.0162521345942
1765 0.0162521345942
1766 0.0162521345942
1767 0.0162521345942
1768 0.0162521345942
1769 0.0162521345942
1770 0.0162521345942
1771 0.0162521345942
1772 0.0162521345942
1773 0.0162521345942
1774 0.0162521345942
1775 0.0162521345942
1776 0.0162521345942
1777 0.0162521345942
1778 0.0162521345942
1779 0.0162521345942
1780 0.0162521345942
1781 0.0162521345942
1782 0.0162521345942
1783 0.0162521345942
1784 0.0162521345942
1785 0.0162521345942
1786 0.0162521345942
1787 0.0162521345942
1788 0.0162521345942
1789 0.0162521345942
1790 0.0162521345942
1791 0.0162521345942
1792 0.0162521345942
1793 0.0162521345942
1794 0.0162521345942
1795 0.0162521345942
1796 0.0162521345942
1797 0.0162521345942
1798 0.0162521345942
1799 0.0162521345942
1800 0.0162521345942
1801 0.0162521345942
1802 0.0162521345942
1803 0.0162521345942
1804 0.0162521345942
1805 0.0162521345942
1806 0.0162521345942
1807 0.0162521345942
1808 0.0162521345942
1809 0.0162521345942
1810 0.0162521345942
1811 0.0162521345942
1812 0.0162521345942
1813 0.0162521345942
1814 0.0162521345942
1815 0.0162521345942
1816 0.0162521345942
1817 0.0162521345942
1818 0.0162521345942
1819 0.0162521345942
1820 0.0162521345942
1821 0.0162521345942
1822 0.0162521345942
1823 0.0162521345942
1824 0.0162521345942
1825 0.0162521345942
1826 0.0162521345942
1827 0.0162521345942
1828 0.0162521345942
1829 0.0162521345942
1830 0.0162521345942
1831 0.0162521345942
1832 0.0162521345942
1833 0.0162521345942
1834 0.0162521345942
1835 0.0162521345942
1836 0.0162521345942
1837 0.0162521345942
1838 0.0162521345942
1839 0.0162521345942
1840 0.0162521345942
1841 0.0162521345942
1842 0.0162521345942
1843 0.0162521345942
1844 0.0162521345942
1845 0.0162521345942
1846 0.0162521345942
1847 0.0162521345942
1848 0.0162521345942
1849 0.0162521345942
1850 0.0162521345942
1851 0.0162521345942
1852 0.0162521345942
1853 0.0162521345942
1854 0.0162521345942
1855 0.0162521345942
1856 0.0162521345942
1857 0.0162521345942
1858 0.0162521345942
1859 0.0162521345942
1860 0.0162521345942
1861 0.0162521345942
1862 0.0162521345942
1863 0.0162521345942
1864 0.0162521345942
1865 0.0162521345942
1866 0.0162521345942
1867 0.0162521345942
1868 0.0162521345942
1869 0.0162521345942
1870 0.0162521345942
1871 0.0162521345942
1872 0.0162521345942
1873 0.0162521345942
1874 0.0162521345942
1875 0.0162521345942
1876 0.0162521345942
1877 0.0162521345942
1878 0.0162521345942
1879 0.0162521345942
1880 0.0162521345942
1881 0.0162521345942
1882 0.0162521345942
1883 0.0162521345942
1884 0.0162521345942
1885 0.0162521345942
1886 0.0162521345942
1887 0.0162521345942
1888 0.0162521345942
1889 0.0162521345942
1890 0.0162521345942
1891 0.0162521345942
1892 0.0162521345942
1893 0.0162521345942
1894 0.0162521345942
1895 0.0162521345942
1896 0.0162521345942
1897 0.0162521345942
1898 0.0162521345942
1899 0.0162521345942
1900 0.0162521345942
1901 0.0162521345942
1902 0.0162521345942
1903 0.0162521345942
1904 0.0162521345942
1905 0.0162521345942
1906 0.0162521345942
1907 0.0162521345942
1908 0.0162521345942
1909 0.0162521345942
1910 0.0162521345942
1911 0.0162521345942
1912 0.0162521345942
1913 0.0162521345942
1914 0.0162521345942
1915 0.0162521345942
1916 0.0162521345942
1917 0.0162521345942
1918 0.0162521345942
1919 0.0162521345942
1920 0.0162521345942
1921 0.0162521345942
1922 0.0162521345942
1923 0.0162521345942
1924 0.0162521345942
1925 0.0162521345942
1926 0.0162521345942
1927 0.0162521345942
1928 0.0162521345942
1929 0.0162521345942
1930 0.0162521345942
1931 0.0162521345942
1932 0.0162521345943
1933 0.0162521345962
1934 0.0162521346828
1935 0.0162521385819
1936 0.016252313998
1937 0.0162602058147
1938 0.000362937868522
1939 7.61241711038e-05
1940 6.78906778655e-05
1941 6.7895477569e-05
1942 6.78958937302e-05
1943 6.78965292263e-05
1944 6.78943933931e-05
1945 6.78905510004e-05
1946 6.78782102711e-05
1947 6.78827522074e-05
1948 6.78983344052e-05
1949 6.78867188154e-05
1950 6.78974592399e-05
1951 6.78977639016e-05
1952 6.78874225378e-05
1953 6.78915556947e-05
1954 6.7908179328e-05
1955 6.80747171508e-05
1956 6.78919345443e-05
1957 6.78825723166e-05
1958 6.78792458094e-05
1959 6.78908351847e-05
1960 6.78927445388e-05
1961 6.78966648581e-05
1962 6.78930481716e-05
1963 6.78987964131e-05
1964 6.78876270071e-05
1965 6.80849020271e-05
1966 6.78934563197e-05
1967 6.78967467199e-05
1968 6.78875409581e-05
1969 6.78935190744e-05
1970 6.79038874229e-05
1971 6.78819794592e-05
1972 6.80737026061e-05
1973 6.78985808271e-05
1974 6.78969317245e-05
1975 6.78998496796e-05
1976 6.78861856388e-05
1977 6.79079176019e-05
1978 6.78935540713e-05
1979 6.80717700645e-05
1980 6.78991649237e-05
1981 6.78956001126e-05
1982 6.80815862566e-05
1983 6.78819455103e-05
1984 6.78920211256e-05
1985 6.78866611042e-05
1986 6.78909781736e-05
1987 6.78968130898e-05
1988 6.79002669679e-05
1989 6.78871997768e-05
1990 6.78956525658e-05
1991 6.80857095379e-05
1992 6.7902956108e-05
1993 6.79010166558e-05
1994 6.78886446249e-05
1995 6.78880574887e-05
1996 6.78961172599e-05
1997 6.79125811849e-05
1998 6.78780155877e-05
1999 6.78842466812e-05
2000 6.78977437218e-05
2001 6.80787611711e-05
2002 6.78905047243e-05
2003 6.78994000117e-05
2004 6.80725012954e-05
2005 6.78867173398e-05
2006 6.78961076822e-05
2007 6.78794449678e-05
2008 6.78827570593e-05
2009 6.78780473576e-05
2010 6.79005702079e-05
2011 6.78910864737e-05
2012 6.7880768392e-05
2013 6.80843771113e-05
2014 6.78830343251e-05
2015 6.78827698319e-05
2016 6.78866674828e-05
2017 6.80786194e-05
2018 6.78962368893e-05
2019 6.79093475216e-05
2020 6.78959421333e-05
2021 6.78909661105e-05
2022 6.78910904919e-05
2023 6.78923571728e-05
2024 6.78942403717e-05
2025 6.78911398831e-05
2026 6.79011001805e-05
2027 6.78988279157e-05
2028 6.78841191612e-05
2029 6.78877526122e-05
2030 6.78852784862e-05
2031 6.78884310977e-05
2032 6.7897611367e-05
2033 6.80817599026e-05
2034 6.80774718361e-05
2035 6.78863219733e-05
2036 6.78968850791e-05
2037 6.79129751579e-05
2038 6.79045293846e-05
2039 6.78953136278e-05
2040 6.78936479261e-05
2041 6.78921522577e-05
2042 6.7891438715e-05
2043 6.7894104843e-05
2044 6.78878071794e-05
2045 6.78854547194e-05
2046 6.7887989622e-05
2047 6.78905309084e-05
2048 6.80826992095e-05
2049 6.78959132836e-05
2050 6.78922390701e-05
2051 6.7895379314e-05
2052 6.80832266738e-05
2053 6.78857520904e-05
2054 6.78916786475e-05
2055 6.7883982346e-05
2056 6.78877834821e-05
2057 6.78906987776e-05
2058 6.78880039556e-05
2059 6.78848647606e-05
2060 6.80816664436e-05
2061 6.79005228547e-05
2062 6.7891537605e-05
2063 6.78948114965e-05
2064 6.7907957947e-05
2065 6.80870355147e-05
2066 6.78872704394e-05
2067 6.78919217838e-05
2068 6.79002400302e-05
2069 6.78820069485e-05
2070 6.78842174176e-05
2071 6.78902588609e-05
2072 6.78958452343e-05
2073 6.80737482517e-05
2074 6.78962900288e-05
2075 6.80654030381e-05
2076 6.7893151355e-05
2077 6.78830477996e-05
2078 6.80851871756e-05
2079 6.78925124845e-05
2080 6.78975696334e-05
2081 6.78916272e-05
2082 6.78820178116e-05
2083 6.78872919784e-05
2084 6.78837943869e-05
2085 6.78923099721e-05
2086 6.79027079801e-05
2087 6.78821291349e-05
2088 6.78785978224e-05
2089 6.78874608963e-05
2090 6.7906180012e-05
2091 6.78827966723e-05
2092 6.79147245131e-05
2093 6.80774135323e-05
2094 6.80826769263e-05
2095 6.78954546963e-05
2096 6.78794766113e-05
2097 6.78826963131e-05
2098 6.78875139894e-05
2099 6.7895141355e-05
2100 6.78817837805e-05
2101 6.7890945173e-05
2102 6.80849733648e-05
2103 6.78938867739e-05
2104 6.78888559904e-05
2105 6.78870626256e-05
2106 6.78950604501e-05
2107 6.78911362817e-05
2108 6.8066526386e-05
2109 6.79010406168e-05
2110 6.78966112911e-05
2111 6.78962593655e-05
2112 6.78962158625e-05
2113 6.78882890581e-05
2114 6.78779412516e-05
2115 6.78998430612e-05
2116 6.78900261642e-05
2117 6.78842031373e-05
2118 6.78923211472e-05
2119 6.80783443062e-05
2120 6.78957486606e-05
2121 6.78999354014e-05
2122 6.78922196762e-05
2123 6.78932908954e-05
2124 6.78984398799e-05
2125 6.78877656225e-05
2126 6.78929961147e-05
2127 6.79065111498e-05
2128 6.78934762747e-05
2129 6.78941894397e-05
2130 6.78990150785e-05
2131 6.7895368784e-05
2132 6.78897169083e-05
2133 6.79006424731e-05
2134 6.78913809312e-05
2135 6.78874839316e-05
2136 6.78818196057e-05
2137 6.78915573612e-05
2138 6.78872166048e-05
2139 6.78907697786e-05
2140 6.78842476651e-05
2141 6.78943105425e-05
2142 6.78943022267e-05
2143 6.80862838133e-05
2144 6.78875185165e-05
2145 6.78956794029e-05
2146 6.78906811167e-05
2147 6.78896627437e-05
2148 6.78956393491e-05
2149 6.78867489347e-05
2150 6.79080287769e-05
2151 6.79032659787e-05
2152 6.78879922065e-05
2153 6.78997544235e-05
2154 6.78865619668e-05
2155 6.78823237555e-05
2156 6.78953559662e-05
2157 6.8085338184e-05
2158 6.80645937824e-05
2159 6.7890989604e-05
2160 6.79016532524e-05
2161 6.79048159871e-05
2162 6.80708842491e-05
2163 6.78919480814e-05
2164 6.78967808674e-05
2165 6.78856884384e-05
2166 6.78872742638e-05
2167 6.78876530405e-05
2168 6.79025144554e-05
2169 6.79006796506e-05
2170 6.78867623827e-05
2171 6.78841525368e-05
2172 6.78949530557e-05
2173 6.79009686034e-05
2174 6.78911602706e-05
2175 6.78831941947e-05
2176 6.79173396886e-05
2177 6.78918586266e-05
2178 6.79017200151e-05
2179 6.79089774463e-05
2180 6.79022360451e-05
2181 6.78854619039e-05
2182 6.7882602922e-05
2183 6.78842005572e-05
2184 6.78844578681e-05
2185 6.78758215326e-05
2186 6.78939338967e-05
2187 6.79047505483e-05
2188 6.78919731891e-05
2189 6.78946535042e-05
2190 6.78985560371e-05
2191 6.78875937928e-05
2192 6.78917612433e-05
2193 6.7892786755e-05
2194 6.78862391237e-05
2195 6.78929683777e-05
2196 6.78919578747e-05
2197 6.79082684065e-05
2198 6.79004648295e-05
2199 6.80822691158e-05
2200 6.78873396935e-05
2201 6.78931177909e-05
2202 6.80821612184e-05
2203 6.80727696968e-05
2204 6.78987000648e-05
2205 6.78817467332e-05
2206 6.78782182402e-05
2207 6.78939637827e-05
2208 6.78972445769e-05
2209 6.7921840814e-05
2210 6.78962456603e-05
2211 6.78994383342e-05
2212 6.78931374908e-05
2213 6.78962410476e-05
2214 6.78965486603e-05
2215 6.80649513932e-05
2216 6.78996593867e-05
2217 6.79009163645e-05
2218 6.78803032491e-05
2219 6.78990542011e-05
2220 6.78999718912e-05
2221 6.78928947332e-05
2222 6.78948744905e-05
2223 6.790276748e-05
2224 6.78842354385e-05
2225 6.78796539049e-05
2226 6.78869966628e-05
2227 6.78905783681e-05
2228 6.78989413857e-05
2229 6.78861859916e-05
2230 6.78866135162e-05
2231 6.7897620545e-05
2232 6.78955207154e-05
2233 6.78951062441e-05
2234 6.78992221694e-05
2235 6.78830432403e-05
2236 6.79017239727e-05
2237 6.7877953369e-05
2238 6.79005025696e-05
2239 6.78994147411e-05
2240 6.78860268512e-05
2241 6.78967682937e-05
2242 6.78995199966e-05
2243 6.78787983601e-05
2244 6.78809825186e-05
2245 6.80765795885e-05
2246 6.7872490656e-05
2247 6.78967035567e-05
2248 6.78965368933e-05
2249 6.78954789917e-05
2250 6.79068995988e-05
2251 6.78920008969e-05
2252 6.78835644063e-05
2253 6.78873405407e-05
2254 6.78997203325e-05
2255 6.78898207127e-05
2256 6.79068702178e-05
2257 6.7905637482e-05
2258 6.78806838277e-05
2259 6.78819023147e-05
2260 6.789459553e-05
2261 6.78827577105e-05
2262 6.79038902915e-05
2263 6.78944454694e-05
2264 6.78907527443e-05
2265 6.78787635701e-05
2266 6.80667601729e-05
2267 6.7900346878e-05
2268 6.78961446169e-05
2269 6.78898510539e-05
2270 6.78898678995e-05
2271 6.7881847005e-05
2272 6.78886166727e-05
2273 6.78959666292e-05
2274 6.78924629156e-05
2275 6.78990380792e-05
2276 6.80903717527e-05
2277 6.79038518397e-05
2278 6.80826463111e-05
2279 6.7874742948e-05
2280 6.78925259165e-05
2281 6.78987815746e-05
2282 6.78953163582e-05
2283 6.79033486549e-05
2284 6.79015252251e-05
2285 6.78969749936e-05
2286 6.78965002206e-05
2287 6.7894712628e-05
2288 6.78877236088e-05
2289 6.78826926313e-05
2290 6.78987249298e-05
2291 6.79094784222e-05
2292 6.78878862364e-05
2293 6.78919844259e-05
2294 6.78938455981e-05
2295 6.7878724825e-05
2296 6.78894486284e-05
2297 6.78877332143e-05
2298 6.78909137716e-05
2299 6.7900409547e-05
2300 6.78914038494e-05
2301 6.78912360015e-05
2302 6.78971754259e-05
2303 6.78927805733e-05
2304 6.78875494243e-05
2305 6.80746001183e-05
2306 6.78969582559e-05
2307 6.78814481261e-05
2308 6.78895768302e-05
2309 6.7891785144e-05
2310 6.78960927277e-05
2311 6.78957233237e-05
2312 6.79034329396e-05
2313 6.78956589087e-05
2314 6.78987784631e-05
2315 6.78791780395e-05
2316 6.78947431564e-05
2317 6.78870938296e-05
2318 6.78879022892e-05
2319 6.79006483546e-05
2320 6.78838806565e-05
2321 6.78902629271e-05
2322 6.78862849638e-05
2323 6.78917526403e-05
2324 6.78851676846e-05
2325 6.79009515034e-05
2326 6.79076982643e-05
2327 6.79030689027e-05
2328 6.78772317637e-05
2329 6.78955125621e-05
2330 6.78882767869e-05
2331 6.78937324961e-05
2332 6.78971517739e-05
2333 6.78820024347e-05
2334 6.78880194113e-05
2335 6.80779799666e-05
2336 6.78913876499e-05
2337 6.78906962635e-05
2338 6.79031466433e-05
2339 6.78894656898e-05
2340 6.78915435863e-05
2341 6.80671247969e-05
2342 6.7903868176e-05
2343 6.79018048847e-05
2344 6.78902710317e-05
2345 6.79097722458e-05
2346 6.80655618284e-05
2347 6.78929066332e-05
2348 6.78901903293e-05
2349 6.78868538135e-05
2350 6.78830594374e-05
2351 6.78914596165e-05
2352 6.78814823146e-05
2353 6.790290316e-05
2354 6.78868145165e-05
2355 6.78811477488e-05
2356 6.78780826389e-05
2357 6.78834766207e-05
2358 6.78807240909e-05
2359 6.79028684834e-05
2360 6.79118544869e-05
2361 6.78973070569e-05
2362 6.79037078834e-05
2363 6.79000975225e-05
2364 6.78912233259e-05
2365 6.78743717165e-05
2366 6.78783389676e-05
2367 6.79055631228e-05
2368 6.78921771692e-05
2369 6.78974203719e-05
2370 6.78910083257e-05
2371 6.78924001747e-05
2372 6.78891263154e-05
2373 6.78958680835e-05
2374 6.80893363284e-05
2375 6.78869745553e-05
2376 6.80817431272e-05
2377 6.78913585816e-05
2378 6.79124350604e-05
2379 6.78838102876e-05
2380 6.79039278015e-05
2381 6.78884181494e-05
2382 6.79010615513e-05
2383 6.80865211434e-05
2384 6.79100330614e-05
2385 6.78829801374e-05
2386 6.80729849852e-05
2387 6.78913924328e-05
2388 6.78928508361e-05
2389 6.7884053366e-05
2390 6.78966571455e-05
2391 6.78871596146e-05
2392 6.78879041743e-05
2393 6.80789751383e-05
2394 6.78829482042e-05
2395 6.78910342394e-05
2396 6.7895008175e-05
2397 6.79009562166e-05
2398 6.78917739885e-05
2399 6.79035952012e-05
2400 6.78865176075e-05
2401 6.78787461091e-05
2402 6.78947009408e-05
2403 6.78956397837e-05
2404 6.78960464501e-05
2405 6.78785709518e-05
2406 6.78893644185e-05
2407 6.78918565985e-05
2408 6.78930290451e-05
